2920.0	0.0500000000
4380.0	0.0250000000
5840.0	0.0250000000
7300.0	0.0250000000
8760.0	0.0250000000
10220.0	0.0071430000
11680.0	0.0071430000
13140.0	0.0071430000
16060.0	0.0142850000
18980.0	0.0142860000
21900.0	0.0333330000
23360.0	0.0166670000
24820.0	0.0166670000
26280.0	0.0166660000
27740.0	0.0166670000
32120.0	0.0214290000
36500.0	0.0214280000
40880.0	0.0214290000
45260.0	0.0214280000
48180.0	0.0142860000
54020.0	0.0260000000
58400.0	0.0195000000
62780.0	0.0195000000
67160.0	0.0195000000
71540.0	0.0195000000
75920.0	0.0195000000
94900.0	0.0170000000
128480.0	0.0201250000
162060.0	0.0201250000
194180.0	0.0192500000
350400.0	0.0200370000
506620.0	0.0200380000
662840.0	0.0200370000
819060.0	0.0200380000
998640.0	0.0224030000
1169460.0	0.0175670000
1363640.0	0.0199700000
1557820.0	0.0199700000
1752000.0	0.0199700000
1946180.0	0.0199700000
2603180.0	0.0225000000
3114180.0	0.0175000000
3698180.0	0.0200000000
4282180.0	0.0200000000
4866180.0	0.0200000000
13627640.0	0.0200030000
17521460.0	0.0200030000
21413820.0	0.0199960000
25307640.0	0.0200030000
29200000.0	0.0199950000
