2920.0	0.0500000000
5840.0	0.0500000000
7300.0	0.0250000000
11680.0	0.0392860000
18980.0	0.0357140000
23360.0	0.0500000000
26280.0	0.0333330000
32120.0	0.0380960000
40880.0	0.0428570000
48180.0	0.0357140000
58400.0	0.0455000000
67160.0	0.0390000000
75920.0	0.0390000000
128480.0	0.0371250000
194180.0	0.0393750000
506620.0	0.0400750000
819060.0	0.0400750000
1169460.0	0.0399700000
1557820.0	0.0399400000
1946180.0	0.0399400000
3114180.0	0.0400000000
4282180.0	0.0400000000
13627640.0	0.0400030000
21413820.0	0.0399990000
29200000.0	0.0399980000
