2920.0	0.0500000000
4380.0	0.0250000000
5840.0	0.0250000000
7300.0	0.0250000000
8760.0	0.0250000000
10220.0	0.0071430000
11680.0	0.0071430000
13140.0	0.0071430000
14600.0	0.0071420000
16060.0	0.0071430000
17520.0	0.0071430000
18980.0	0.0071430000
20440.0	0.0166670000
21900.0	0.0166660000
23360.0	0.0166670000
24820.0	0.0166670000
26280.0	0.0166660000
27740.0	0.0166670000
29200.0	0.0071430000
30660.0	0.0071430000
32120.0	0.0071430000
33580.0	0.0071420000
35040.0	0.0071430000
36500.0	0.0071430000
37960.0	0.0071430000
39420.0	0.0071430000
40880.0	0.0071430000
42340.0	0.0071430000
43800.0	0.0071420000
45260.0	0.0071430000
46720.0	0.0071430000
48180.0	0.0071430000
49640.0	0.0065000000
51100.0	0.0065000000
52560.0	0.0065000000
54020.0	0.0065000000
55480.0	0.0065000000
56940.0	0.0065000000
58400.0	0.0065000000
59860.0	0.0065000000
61320.0	0.0065000000
62780.0	0.0065000000
64240.0	0.0065000000
65700.0	0.0065000000
67160.0	0.0065000000
68620.0	0.0065000000
70080.0	0.0065000000
71540.0	0.0065000000
73000.0	0.0065000000
74460.0	0.0065000000
75920.0	0.0065000000
77380.0	0.0065000000
78840.0	0.0008750000
94900.0	0.0096250000
110960.0	0.0096250000
128480.0	0.0105000000
144540.0	0.0096250000
162060.0	0.0105000000
178120.0	0.0096250000
194180.0	0.0096250000
273020.0	0.0101120000
350400.0	0.0099250000
429240.0	0.0101130000
506620.0	0.0099250000
584000.0	0.0099250000
662840.0	0.0101120000
740220.0	0.0099250000
819060.0	0.0101130000
896440.0	0.0099250000
998640.0	0.0124780000
1071640.0	0.0075070000
1169460.0	0.0100600000
1265820.0	0.0099100000
1363640.0	0.0100600000
1460000.0	0.0099100000
1557820.0	0.0100600000
1655640.0	0.0100600000
1752000.0	0.0099100000
1849820.0	0.0100600000
1946180.0	0.0099100000
2238180.0	0.0100000000
2603180.0	0.0125000000
2895180.0	0.0100000000
3114180.0	0.0075000000
3406180.0	0.0100000000
3698180.0	0.0100000000
3990180.0	0.0100000000
4282180.0	0.0100000000
4574180.0	0.0100000000
4866180.0	0.0100000000
11681460.0	0.0100050000
13627640.0	0.0099980000
15573820.0	0.0099980000
17521460.0	0.0100050000
19467640.0	0.0099980000
21413820.0	0.0099980000
23361460.0	0.0100050000
25307640.0	0.0099980000
27253820.0	0.0099970000
29200000.0	0.0099980000
