1460.0	0.0250000000
2920.0	0.0250000000
4380.0	0.0250000000
5840.0	0.0250000000
7300.0	0.0250000000
8760.0	0.0250000000
10220.0	0.0071430000
11680.0	0.0071430000
13140.0	0.0071430000
14600.0	0.0071420000
16060.0	0.0071430000
17520.0	0.0071430000
18980.0	0.0071430000
20440.0	0.0166670000
21900.0	0.0166660000
23360.0	0.0166670000
24820.0	0.0166670000
26280.0	0.0166660000
27740.0	0.0166670000
29200.0	0.0071430000
30660.0	0.0071430000
32120.0	0.0071430000
33580.0	0.0071420000
35040.0	0.0071430000
36500.0	0.0071430000
37960.0	0.0071430000
39420.0	0.0071430000
40880.0	0.0071430000
42340.0	0.0071430000
43800.0	0.0071420000
45260.0	0.0071430000
46720.0	0.0071430000
48180.0	0.0071430000
49640.0	0.0065000000
51100.0	0.0065000000
52560.0	0.0065000000
54020.0	0.0065000000
55480.0	0.0065000000
56940.0	0.0065000000
58400.0	0.0065000000
59860.0	0.0065000000
61320.0	0.0065000000
62780.0	0.0065000000
64240.0	0.0065000000
65700.0	0.0065000000
67160.0	0.0065000000
68620.0	0.0065000000
70080.0	0.0065000000
71540.0	0.0065000000
73000.0	0.0065000000
74460.0	0.0065000000
75920.0	0.0065000000
77380.0	0.0065000000
78840.0	0.0008750000
80300.0	0.0008750000
81760.0	0.0008750000
83220.0	0.0008750000
84680.0	0.0008750000
86140.0	0.0008750000
87600.0	0.0008750000
89060.0	0.0008750000
90520.0	0.0008750000
91980.0	0.0008750000
93440.0	0.0008750000
94900.0	0.0008750000
96360.0	0.0008750000
97820.0	0.0008750000
99280.0	0.0008750000
100740.0	0.0008750000
102200.0	0.0008750000
103660.0	0.0008750000
105120.0	0.0008750000
106580.0	0.0008750000
108040.0	0.0008750000
109500.0	0.0008750000
110960.0	0.0008750000
112420.0	0.0008750000
113880.0	0.0008750000
115340.0	0.0008750000
116800.0	0.0008750000
118260.0	0.0008750000
119720.0	0.0008750000
121180.0	0.0008750000
122640.0	0.0008750000
124100.0	0.0008750000
125560.0	0.0008750000
127020.0	0.0008750000
128480.0	0.0008750000
129940.0	0.0008750000
131400.0	0.0008750000
132860.0	0.0008750000
134320.0	0.0008750000
135780.0	0.0008750000
137240.0	0.0008750000
138700.0	0.0008750000
140160.0	0.0008750000
141620.0	0.0008750000
143080.0	0.0008750000
144540.0	0.0008750000
146000.0	0.0008750000
147460.0	0.0008750000
148920.0	0.0008750000
150380.0	0.0008750000
151840.0	0.0008750000
153300.0	0.0008750000
154760.0	0.0008750000
156220.0	0.0008750000
157680.0	0.0008750000
159140.0	0.0008750000
160600.0	0.0008750000
162060.0	0.0008750000
163520.0	0.0008750000
164980.0	0.0008750000
166440.0	0.0008750000
167900.0	0.0008750000
169360.0	0.0008750000
170820.0	0.0008750000
172280.0	0.0008750000
173740.0	0.0008750000
175200.0	0.0008750000
176660.0	0.0008750000
178120.0	0.0008750000
179580.0	0.0008750000
181040.0	0.0008750000
182500.0	0.0008750000
183960.0	0.0008750000
185420.0	0.0008750000
186880.0	0.0008750000
188340.0	0.0008750000
189800.0	0.0008750000
191260.0	0.0008750000
192720.0	0.0008750000
194180.0	0.0008750000
195640.0	0.0001870000
197100.0	0.0001880000
198560.0	0.0001870000
200020.0	0.0001870000
201480.0	0.0001870000
202940.0	0.0001880000
204400.0	0.0001870000
205860.0	0.0001870000
207320.0	0.0001870000
208780.0	0.0001880000
210240.0	0.0001870000
211700.0	0.0001870000
213160.0	0.0001870000
214620.0	0.0001880000
216080.0	0.0001870000
217540.0	0.0001870000
219000.0	0.0001880000
220460.0	0.0001870000
221920.0	0.0001870000
223380.0	0.0001870000
224840.0	0.0001880000
226300.0	0.0001870000
227760.0	0.0001870000
229220.0	0.0001870000
230680.0	0.0001880000
232140.0	0.0001870000
233600.0	0.0001870000
235060.0	0.0001870000
236520.0	0.0001880000
237980.0	0.0001870000
239440.0	0.0001870000
240900.0	0.0001880000
242360.0	0.0001870000
243820.0	0.0001870000
245280.0	0.0001870000
246740.0	0.0001880000
248200.0	0.0001870000
249660.0	0.0001870000
251120.0	0.0001870000
252580.0	0.0001880000
254040.0	0.0001870000
255500.0	0.0001870000
256960.0	0.0001870000
258420.0	0.0001880000
259880.0	0.0001870000
261340.0	0.0001870000
262800.0	0.0001870000
264260.0	0.0001880000
265720.0	0.0001870000
267180.0	0.0001870000
268640.0	0.0001880000
270100.0	0.0001870000
271560.0	0.0001870000
273020.0	0.0001870000
274480.0	0.0001880000
275940.0	0.0001870000
277400.0	0.0001870000
278860.0	0.0001870000
280320.0	0.0001880000
281780.0	0.0001870000
283240.0	0.0001870000
284700.0	0.0001870000
286160.0	0.0001880000
287620.0	0.0001870000
289080.0	0.0001870000
290540.0	0.0001880000
292000.0	0.0001870000
293460.0	0.0001870000
294920.0	0.0001870000
296380.0	0.0001880000
297840.0	0.0001870000
299300.0	0.0001870000
300760.0	0.0001870000
302220.0	0.0001880000
303680.0	0.0001870000
305140.0	0.0001870000
306600.0	0.0001870000
308060.0	0.0001880000
309520.0	0.0001870000
310980.0	0.0001870000
312440.0	0.0001880000
313900.0	0.0001870000
315360.0	0.0001870000
316820.0	0.0001870000
318280.0	0.0001880000
319740.0	0.0001870000
321200.0	0.0001870000
322660.0	0.0001870000
324120.0	0.0001880000
325580.0	0.0001870000
327040.0	0.0001870000
328500.0	0.0001870000
329960.0	0.0001880000
331420.0	0.0001870000
332880.0	0.0001870000
334340.0	0.0001880000
335800.0	0.0001870000
337260.0	0.0001870000
338720.0	0.0001870000
340180.0	0.0001880000
341640.0	0.0001870000
343100.0	0.0001870000
344560.0	0.0001870000
346020.0	0.0001880000
347480.0	0.0001870000
348940.0	0.0001870000
350400.0	0.0001870000
351860.0	0.0001880000
353320.0	0.0001870000
354780.0	0.0001870000
356240.0	0.0001880000
357700.0	0.0001870000
359160.0	0.0001870000
360620.0	0.0001870000
362080.0	0.0001880000
370840.0	0.0011230000
389820.0	0.0024350000
408800.0	0.0024340000
429240.0	0.0026220000
448220.0	0.0024340000
467200.0	0.0024350000
487640.0	0.0026210000
506620.0	0.0024350000
525600.0	0.0024340000
546040.0	0.0026220000
565020.0	0.0024350000
584000.0	0.0024340000
604440.0	0.0026220000
623420.0	0.0024340000
643860.0	0.0026220000
662840.0	0.0024340000
681820.0	0.0024350000
702260.0	0.0026220000
721240.0	0.0024340000
740220.0	0.0024340000
760660.0	0.0026220000
779640.0	0.0024350000
798620.0	0.0024340000
819060.0	0.0026220000
838040.0	0.0024340000
857020.0	0.0024350000
877460.0	0.0026210000
896440.0	0.0024350000
915420.0	0.0024340000
935860.0	0.0026220000
954840.0	0.0024350000
973820.0	0.0024340000
998640.0	0.0025530000
1023460.0	0.0025520000
1046820.0	0.0024030000
1071640.0	0.0025520000
1096460.0	0.0025530000
1119820.0	0.0024020000
1144640.0	0.0025530000
1169460.0	0.0025520000
1192820.0	0.0024030000
1217640.0	0.0025520000
1242460.0	0.0025530000
1265820.0	0.0024020000
1290640.0	0.0025530000
1315460.0	0.0025520000
1338820.0	0.0024030000
1363640.0	0.0025520000
1388460.0	0.0025530000
1411820.0	0.0024020000
1436640.0	0.0025530000
1460000.0	0.0024020000
1484820.0	0.0025530000
1509640.0	0.0025520000
1533000.0	0.0024030000
1557820.0	0.0025520000
1582640.0	0.0025530000
1606000.0	0.0024020000
1630820.0	0.0025530000
1655640.0	0.0025520000
1679000.0	0.0024030000
1703820.0	0.0025520000
1728640.0	0.0025530000
1752000.0	0.0024020000
1776820.0	0.0025530000
1801640.0	0.0025520000
1825000.0	0.0024030000
1849820.0	0.0025520000
1874640.0	0.0025530000
1898000.0	0.0024020000
1922820.0	0.0025530000
1946180.0	0.0024020000
2019180.0	0.0025000000
2092180.0	0.0025000000
2165180.0	0.0025000000
2238180.0	0.0025000000
2311180.0	0.0025000000
2384180.0	0.0025000000
2457180.0	0.0025000000
2530180.0	0.0025000000
2603180.0	0.0025000000
2676180.0	0.0025000000
2749180.0	0.0025000000
2822180.0	0.0025000000
2895180.0	0.0025000000
2968180.0	0.0025000000
3041180.0	0.0025000000
3114180.0	0.0025000000
3187180.0	0.0025000000
3260180.0	0.0025000000
3333180.0	0.0025000000
3406180.0	0.0025000000
3479180.0	0.0025000000
3552180.0	0.0025000000
3625180.0	0.0025000000
3698180.0	0.0025000000
3771180.0	0.0025000000
3844180.0	0.0025000000
3917180.0	0.0025000000
3990180.0	0.0025000000
4063180.0	0.0025000000
4136180.0	0.0025000000
4209180.0	0.0025000000
4282180.0	0.0025000000
4355180.0	0.0025000000
4428180.0	0.0025000000
4501180.0	0.0025000000
4574180.0	0.0025000000
4647180.0	0.0025000000
4720180.0	0.0025000000
4793180.0	0.0025000000
4866180.0	0.0025000000
10221460.0	0.0025050000
10707640.0	0.0024980000
11193820.0	0.0024970000
11681460.0	0.0025050000
12167640.0	0.0024980000
12653820.0	0.0024970000
13141460.0	0.0025050000
13627640.0	0.0024980000
14113820.0	0.0024980000
14601460.0	0.0025050000
15087640.0	0.0024970000
15573820.0	0.0024980000
16061460.0	0.0025050000
16547640.0	0.0024970000
17033820.0	0.0024980000
17521460.0	0.0025050000
18007640.0	0.0024980000
18493820.0	0.0024970000
18981460.0	0.0025050000
19467640.0	0.0024980000
19953820.0	0.0024970000
20441460.0	0.0025050000
20927640.0	0.0024980000
21413820.0	0.0024980000
21901460.0	0.0025050000
22387640.0	0.0024970000
22873820.0	0.0024980000
23361460.0	0.0025050000
23847640.0	0.0024970000
24333820.0	0.0024980000
24821460.0	0.0025050000
25307640.0	0.0024980000
25793820.0	0.0024970000
26281460.0	0.0025050000
26767640.0	0.0024980000
27253820.0	0.0024970000
27741460.0	0.0025050000
28227640.0	0.0024980000
28713820.0	0.0024970000
29200000.0	0.0024980000
