53.0	0.000740
56.0	0.000740
60.0	0.000740
64.0	0.000740
68.0	0.000740
72.0	0.000740
77.0	0.000740
81.0	0.000740
87.0	0.000740
92.0	0.000740
100.0	0.000750
109.0	0.000750
119.0	0.000750
130.0	0.000750
141.0	0.000750
154.0	0.000750
168.0	0.000750
183.0	0.000750
199.0	0.000750
217.0	0.000750
222.0	0.002600
227.0	0.002600
232.0	0.002600
237.0	0.002600
243.0	0.002600
248.0	0.002600
254.0	0.002600
259.0	0.002600
265.0	0.002600
271.0	0.002600
274.0	0.001110
277.0	0.001110
279.0	0.001110
282.0	0.001110
285.0	0.001110
288.0	0.001110
291.0	0.001110
294.0	0.001110
297.0	0.001110
300.0	0.001110
303.0	0.008550
305.0	0.008550
308.0	0.008550
310.0	0.008550
313.0	0.008550
315.0	0.008550
318.0	0.008550
321.0	0.008550
323.0	0.008550
326.0	0.008550
331.0	0.006510
335.0	0.006510
340.0	0.006510
345.0	0.006510
350.0	0.006510
355.0	0.006510
360.0	0.006510
365.0	0.006510
371.0	0.006510
376.0	0.006510
381.0	0.002040
385.0	0.002040
390.0	0.002040
395.0	0.002040
400.0	0.002040
405.0	0.002040
410.0	0.002040
415.0	0.002040
420.0	0.002040
425.0	0.002040
430.0	0.004090
435.0	0.004090
441.0	0.004090
446.0	0.004090
452.0	0.004090
457.0	0.004090
463.0	0.004090
468.0	0.004090
474.0	0.004090
480.0	0.004090
491.0	0.019520
502.0	0.019520
513.0	0.019520
525.0	0.019520
537.0	0.019520
549.0	0.019520
561.0	0.019520
574.0	0.019520
587.0	0.019520
600.0	0.019520
607.0	0.005760
615.0	0.005760
623.0	0.005760
630.0	0.005760
638.0	0.005760
646.0	0.005760
654.0	0.005760
662.0	0.005760
671.0	0.005760
679.0	0.005760
685.0	0.003530
690.0	0.003530
696.0	0.003530
702.0	0.003530
707.0	0.003530
713.0	0.003530
719.0	0.003530
725.0	0.003530
731.0	0.003530
737.0	0.003530
743.0	0.002420
749.0	0.002420
755.0	0.002420
762.0	0.002420
768.0	0.002420
774.0	0.002420
781.0	0.002420
787.0	0.002420
793.0	0.002420
800.0	0.002420
808.0	0.001500
816.0	0.001500
825.0	0.001500
833.0	0.001500
841.0	0.001500
850.0	0.001500
859.0	0.001500
867.0	0.001500
876.0	0.001500
885.0	0.001500
900.0	0.001850
914.0	0.001850
929.0	0.001850
945.0	0.001850
960.0	0.001850
976.0	0.001850
992.0	0.001850
1009.0	0.001850
1025.0	0.001850
1042.0	0.001850
1063.0	0.001850
1085.0	0.001850
1108.0	0.001850
1130.0	0.001850
1154.0	0.001850
1177.0	0.001850
1201.0	0.001850
1226.0	0.001850
1251.0	0.001850
1277.0	0.001850
1290.0	0.001120
1303.0	0.001120
1316.0	0.001120
1330.0	0.001120
1343.0	0.001120
1357.0	0.001120
1371.0	0.001120
1385.0	0.001120
1399.0	0.001120
1413.0	0.001120
1425.0	0.000740
1436.0	0.000740
1448.0	0.000740
1460.0	0.000740
1472.0	0.000740
1484.0	0.000740
1497.0	0.000740
1509.0	0.000740
1521.0	0.000740
1534.0	0.000740
1547.0	0.002050
1559.0	0.002050
1572.0	0.002050
1585.0	0.002050
1598.0	0.002050
1611.0	0.002050
1624.0	0.002050
1637.0	0.002050
1651.0	0.002050
1664.0	0.002050
1712.0	0.000740
1762.0	0.000740
1813.0	0.000740
1865.0	0.000740
1919.0	0.000740
1975.0	0.000740
2032.0	0.000740
2091.0	0.000740
2152.0	0.000740
2214.0	0.000740
2311.0	0.000930
2412.0	0.000930
2517.0	0.000930
2627.0	0.000930
2742.0	0.000930
2862.0	0.000930
2987.0	0.000930
3118.0	0.000930
3254.0	0.000930
3396.0	0.000930
3544.0	0.000930
3699.0	0.000930
3861.0	0.000930
4030.0	0.000930
4206.0	0.000930
4390.0	0.000930
4582.0	0.000930
4783.0	0.000930
4992.0	0.000930
5210.0	0.000930
5427.0	0.001490
5652.0	0.001490
5887.0	0.001490
6132.0	0.001490
6387.0	0.001490
6653.0	0.001490
6929.0	0.001490
7217.0	0.001490
7517.0	0.001490
7830.0	0.001490
9012.0	0.001300
10373.0	0.001300
11939.0	0.001300
13741.0	0.001300
15816.0	0.001300
18203.0	0.001300
20952.0	0.001300
24115.0	0.001300
27756.0	0.001300
31946.0	0.001300
32405.0	0.000930
32871.0	0.000930
33343.0	0.000930
33822.0	0.000930
34308.0	0.000930
34801.0	0.000930
35301.0	0.000930
35808.0	0.000930
36322.0	0.000930
36844.0	0.000930
37146.0	0.000930
37450.0	0.000930
37756.0	0.000930
38065.0	0.000930
38377.0	0.000930
38691.0	0.000930
39007.0	0.000930
39327.0	0.000930
39648.0	0.000930
39973.0	0.000930
40382.0	0.001860
40796.0	0.001860
41214.0	0.001860
41636.0	0.001860
42062.0	0.001860
42493.0	0.001860
42928.0	0.001860
43367.0	0.001860
43811.0	0.001860
44260.0	0.001860
44531.0	0.002040
44804.0	0.002040
45079.0	0.002040
45356.0	0.002040
45634.0	0.002040
45913.0	0.002040
46195.0	0.002040
46478.0	0.002040
46763.0	0.002040
47050.0	0.002040
47435.0	0.003720
47823.0	0.003720
48215.0	0.003720
48609.0	0.003720
49007.0	0.003720
49408.0	0.003720
49813.0	0.003720
50221.0	0.003720
50632.0	0.003720
51046.0	0.003720
52097.0	0.000740
53169.0	0.000740
54264.0	0.000740
55381.0	0.000740
56521.0	0.000740
57684.0	0.000740
58872.0	0.000740
60084.0	0.000740
61321.0	0.000740
62583.0	0.000740
63353.0	0.000930
64132.0	0.000930
64921.0	0.000930
65720.0	0.000930
66528.0	0.000930
67347.0	0.000930
68175.0	0.000930
69014.0	0.000930
69863.0	0.000930
70722.0	0.000930
71156.0	0.000930
71592.0	0.000930
72031.0	0.000930
72473.0	0.000930
72917.0	0.000930
73364.0	0.000930
73814.0	0.000930
74266.0	0.000930
74722.0	0.000930
75180.0	0.000930
75795.0	0.002970
76416.0	0.002970
77041.0	0.002970
77672.0	0.002970
78307.0	0.002970
78948.0	0.002970
79595.0	0.002970
80246.0	0.002970
80903.0	0.002970
81565.0	0.002970
83414.0	0.001680
85305.0	0.001680
87238.0	0.001680
89216.0	0.001680
91238.0	0.001680
93306.0	0.001680
95421.0	0.001680
97584.0	0.001680
99796.0	0.001680
102058.0	0.001680
103313.0	0.000930
104584.0	0.000930
105871.0	0.000930
107173.0	0.000930
108492.0	0.000930
109826.0	0.000930
111177.0	0.000930
112545.0	0.000930
113929.0	0.000930
115331.0	0.000930
116988.0	0.000920
118669.0	0.000920
120373.0	0.000920
122103.0	0.000920
123857.0	0.000920
125636.0	0.000920
127441.0	0.000920
129272.0	0.000920
131129.0	0.000920
133013.0	0.000920
135199.0	0.000940
137421.0	0.000940
139679.0	0.000940
141975.0	0.000940
144308.0	0.000940
146680.0	0.000940
149091.0	0.000940
151541.0	0.000940
154032.0	0.000940
156563.0	0.000940
159136.0	0.000930
161752.0	0.000930
164410.0	0.000930
167112.0	0.000930
169859.0	0.000930
172651.0	0.000930
175488.0	0.000930
178373.0	0.000930
181304.0	0.000930
184284.0	0.000930
186932.0	0.000920
189618.0	0.000920
192343.0	0.000920
195107.0	0.000920
197911.0	0.000920
200755.0	0.000920
203640.0	0.000920
206566.0	0.000920
209535.0	0.000920
212546.0	0.000920
215160.0	0.000930
217805.0	0.000930
220484.0	0.000930
223195.0	0.000930
225940.0	0.000930
228718.0	0.000930
231530.0	0.000930
234377.0	0.000930
237259.0	0.000930
240177.0	0.000930
244622.0	0.000930
249150.0	0.000930
253761.0	0.000930
258458.0	0.000930
263241.0	0.000930
268113.0	0.000930
273075.0	0.000930
278129.0	0.000930
283277.0	0.000930
288520.0	0.000930
302981.0	0.000930
318166.0	0.000930
334113.0	0.000930
350858.0	0.000930
368444.0	0.000930
386910.0	0.000930
406302.0	0.000930
426666.0	0.000930
448051.0	0.000930
470507.0	0.000930
492079.0	0.000560
514641.0	0.000560
538237.0	0.000560
562914.0	0.000560
588723.0	0.000560
615716.0	0.000560
643946.0	0.000560
673470.0	0.000560
704348.0	0.000560
736642.0	0.000560
754877.0	0.000370
773563.0	0.000370
792711.0	0.000370
812333.0	0.000370
832442.0	0.000370
853048.0	0.000370
874164.0	0.000370
895802.0	0.000370
917977.0	0.000370
940700.0	0.000370
1002039.0	0.000930
1067379.0	0.000930
1136978.0	0.000930
1211116.0	0.000930
1290088.0	0.000930
1374210.0	0.000930
1463817.0	0.000930
1559267.0	0.000930
1660940.0	0.000930
1769244.0	0.000930
1805665.0	0.000560
1842837.0	0.000560
1880773.0	0.000560
1919490.0	0.000560
1959005.0	0.000560
1999332.0	0.000560
2040490.0	0.000560
2082496.0	0.000560
2125366.0	0.000560
2169118.0	0.000560
2527289.0	0.001300
2944602.0	0.001300
3430822.0	0.001300
3997329.0	0.001300
4657379.0	0.001300
5426418.0	0.001300
6322443.0	0.001300
7366423.0	0.001300
8582787.0	0.001300
10000000.0	0.001300
