227.0	0.0201000000
271.0	0.0208000000
303.0	0.0196500000
310.0	0.0256500000
315.0	0.0171000000
321.0	0.0171000000
331.0	0.0236100000
345.0	0.0195300000
360.0	0.0195300000
376.0	0.0195300000
420.0	0.0183600000
452.0	0.0224900000
480.0	0.0204500000
491.0	0.0195200000
502.0	0.0195200000
513.0	0.0195200000
525.0	0.0195200000
537.0	0.0195200000
549.0	0.0195200000
561.0	0.0195200000
574.0	0.0195200000
600.0	0.0390400000
607.0	0.0057600000
630.0	0.0172800000
662.0	0.0230400000
685.0	0.0150500000
719.0	0.0211800000
762.0	0.0202700000
825.0	0.0190200000
960.0	0.0197500000
1177.0	0.0203500000
1425.0	0.0193400000
1624.0	0.0210100000
2862.0	0.0191300000
6387.0	0.0204700000
31946.0	0.0204500000
40382.0	0.0204600000
44531.0	0.0187800000
47435.0	0.0220800000
49408.0	0.0186000000
57684.0	0.0193200000
74266.0	0.0197000000
79595.0	0.0226500000
91238.0	0.0173100000
120373.0	0.0204600000
167112.0	0.0195600000
228718.0	0.0203600000
406302.0	0.0195300000
1660940.0	0.0204600000
10000000.0	0.0195300000
