53.0	0.0007400000
56.0	0.0007400000
60.0	0.0007400000
64.0	0.0007400000
68.0	0.0007400000
72.0	0.0007400000
77.0	0.0007400000
81.0	0.0007400000
87.0	0.0007400000
92.0	0.0007400000
100.0	0.0007500000
109.0	0.0007500000
119.0	0.0007500000
130.0	0.0007500000
141.0	0.0007500000
154.0	0.0007500000
168.0	0.0007500000
183.0	0.0007500000
199.0	0.0007500000
217.0	0.0007500000
222.0	0.0026000000
227.0	0.0026000000
232.0	0.0026000000
237.0	0.0026000000
243.0	0.0026000000
248.0	0.0026000000
254.0	0.0026000000
259.0	0.0026000000
265.0	0.0026000000
271.0	0.0026000000
274.0	0.0011100000
277.0	0.0011100000
279.0	0.0011100000
282.0	0.0011100000
285.0	0.0011100000
288.0	0.0011100000
291.0	0.0011100000
294.0	0.0011100000
297.0	0.0011100000
300.0	0.0011100000
303.0	0.0085500000
305.0	0.0085500000
308.0	0.0085500000
310.0	0.0085500000
313.0	0.0085500000
315.0	0.0085500000
318.0	0.0085500000
321.0	0.0085500000
323.0	0.0085500000
326.0	0.0085500000
331.0	0.0065100000
335.0	0.0065100000
340.0	0.0065100000
345.0	0.0065100000
350.0	0.0065100000
355.0	0.0065100000
360.0	0.0065100000
365.0	0.0065100000
371.0	0.0065100000
376.0	0.0065100000
381.0	0.0020400000
385.0	0.0020400000
390.0	0.0020400000
395.0	0.0020400000
400.0	0.0020400000
405.0	0.0020400000
410.0	0.0020400000
415.0	0.0020400000
420.0	0.0020400000
425.0	0.0020400000
430.0	0.0040900000
435.0	0.0040900000
441.0	0.0040900000
446.0	0.0040900000
452.0	0.0040900000
457.0	0.0040900000
463.0	0.0040900000
468.0	0.0040900000
474.0	0.0040900000
480.0	0.0040900000
491.0	0.0195200000
502.0	0.0195200000
513.0	0.0195200000
525.0	0.0195200000
537.0	0.0195200000
549.0	0.0195200000
561.0	0.0195200000
574.0	0.0195200000
587.0	0.0195200000
600.0	0.0195200000
607.0	0.0057600000
615.0	0.0057600000
623.0	0.0057600000
630.0	0.0057600000
638.0	0.0057600000
646.0	0.0057600000
654.0	0.0057600000
662.0	0.0057600000
671.0	0.0057600000
679.0	0.0057600000
685.0	0.0035300000
690.0	0.0035300000
696.0	0.0035300000
702.0	0.0035300000
707.0	0.0035300000
713.0	0.0035300000
719.0	0.0035300000
725.0	0.0035300000
731.0	0.0035300000
737.0	0.0035300000
743.0	0.0024200000
749.0	0.0024200000
755.0	0.0024200000
762.0	0.0024200000
768.0	0.0024200000
774.0	0.0024200000
781.0	0.0024200000
787.0	0.0024200000
793.0	0.0024200000
800.0	0.0024200000
808.0	0.0015000000
816.0	0.0015000000
825.0	0.0015000000
833.0	0.0015000000
841.0	0.0015000000
850.0	0.0015000000
859.0	0.0015000000
867.0	0.0015000000
876.0	0.0015000000
885.0	0.0015000000
900.0	0.0018500000
914.0	0.0018500000
929.0	0.0018500000
945.0	0.0018500000
960.0	0.0018500000
976.0	0.0018500000
992.0	0.0018500000
1009.0	0.0018500000
1025.0	0.0018500000
1042.0	0.0018500000
1063.0	0.0018500000
1085.0	0.0018500000
1108.0	0.0018500000
1130.0	0.0018500000
1154.0	0.0018500000
1177.0	0.0018500000
1201.0	0.0018500000
1226.0	0.0018500000
1251.0	0.0018500000
1277.0	0.0018500000
1290.0	0.0011200000
1303.0	0.0011200000
1316.0	0.0011200000
1330.0	0.0011200000
1343.0	0.0011200000
1357.0	0.0011200000
1371.0	0.0011200000
1385.0	0.0011200000
1399.0	0.0011200000
1413.0	0.0011200000
1425.0	0.0007400000
1436.0	0.0007400000
1448.0	0.0007400000
1460.0	0.0007400000
1472.0	0.0007400000
1484.0	0.0007400000
1497.0	0.0007400000
1509.0	0.0007400000
1521.0	0.0007400000
1534.0	0.0007400000
1547.0	0.0020500000
1559.0	0.0020500000
1572.0	0.0020500000
1585.0	0.0020500000
1598.0	0.0020500000
1611.0	0.0020500000
1624.0	0.0020500000
1637.0	0.0020500000
1651.0	0.0020500000
1664.0	0.0020500000
1712.0	0.0007400000
1762.0	0.0007400000
1813.0	0.0007400000
1865.0	0.0007400000
1919.0	0.0007400000
1975.0	0.0007400000
2032.0	0.0007400000
2091.0	0.0007400000
2152.0	0.0007400000
2214.0	0.0007400000
2311.0	0.0009300000
2412.0	0.0009300000
2517.0	0.0009300000
2627.0	0.0009300000
2742.0	0.0009300000
2862.0	0.0009300000
2987.0	0.0009300000
3118.0	0.0009300000
3254.0	0.0009300000
3396.0	0.0009300000
3544.0	0.0009300000
3699.0	0.0009300000
3861.0	0.0009300000
4030.0	0.0009300000
4206.0	0.0009300000
4390.0	0.0009300000
4582.0	0.0009300000
4783.0	0.0009300000
4992.0	0.0009300000
5210.0	0.0009300000
5427.0	0.0014900000
5652.0	0.0014900000
5887.0	0.0014900000
6132.0	0.0014900000
6387.0	0.0014900000
6653.0	0.0014900000
6929.0	0.0014900000
7217.0	0.0014900000
7517.0	0.0014900000
7830.0	0.0014900000
9012.0	0.0013000000
10373.0	0.0013000000
11939.0	0.0013000000
13741.0	0.0013000000
15816.0	0.0013000000
18203.0	0.0013000000
20952.0	0.0013000000
24115.0	0.0013000000
27756.0	0.0013000000
31946.0	0.0013000000
32405.0	0.0009300000
32871.0	0.0009300000
33343.0	0.0009300000
33822.0	0.0009300000
34308.0	0.0009300000
34801.0	0.0009300000
35301.0	0.0009300000
35808.0	0.0009300000
36322.0	0.0009300000
36844.0	0.0009300000
37146.0	0.0009300000
37450.0	0.0009300000
37756.0	0.0009300000
38065.0	0.0009300000
38377.0	0.0009300000
38691.0	0.0009300000
39007.0	0.0009300000
39327.0	0.0009300000
39648.0	0.0009300000
39973.0	0.0009300000
40382.0	0.0018600000
40796.0	0.0018600000
41214.0	0.0018600000
41636.0	0.0018600000
42062.0	0.0018600000
42493.0	0.0018600000
42928.0	0.0018600000
43367.0	0.0018600000
43811.0	0.0018600000
44260.0	0.0018600000
44531.0	0.0020400000
44804.0	0.0020400000
45079.0	0.0020400000
45356.0	0.0020400000
45634.0	0.0020400000
45913.0	0.0020400000
46195.0	0.0020400000
46478.0	0.0020400000
46763.0	0.0020400000
47050.0	0.0020400000
47435.0	0.0037200000
47823.0	0.0037200000
48215.0	0.0037200000
48609.0	0.0037200000
49007.0	0.0037200000
49408.0	0.0037200000
49813.0	0.0037200000
50221.0	0.0037200000
50632.0	0.0037200000
51046.0	0.0037200000
52097.0	0.0007400000
53169.0	0.0007400000
54264.0	0.0007400000
55381.0	0.0007400000
56521.0	0.0007400000
57684.0	0.0007400000
58872.0	0.0007400000
60084.0	0.0007400000
61321.0	0.0007400000
62583.0	0.0007400000
63353.0	0.0009300000
64132.0	0.0009300000
64921.0	0.0009300000
65720.0	0.0009300000
66528.0	0.0009300000
67347.0	0.0009300000
68175.0	0.0009300000
69014.0	0.0009300000
69863.0	0.0009300000
70722.0	0.0009300000
71156.0	0.0009300000
71592.0	0.0009300000
72031.0	0.0009300000
72473.0	0.0009300000
72917.0	0.0009300000
73364.0	0.0009300000
73814.0	0.0009300000
74266.0	0.0009300000
74722.0	0.0009300000
75180.0	0.0009300000
75795.0	0.0029700000
76416.0	0.0029700000
77041.0	0.0029700000
77672.0	0.0029700000
78307.0	0.0029700000
78948.0	0.0029700000
79595.0	0.0029700000
80246.0	0.0029700000
80903.0	0.0029700000
81565.0	0.0029700000
83414.0	0.0016800000
85305.0	0.0016800000
87238.0	0.0016800000
89216.0	0.0016800000
91238.0	0.0016800000
93306.0	0.0016800000
95421.0	0.0016800000
97584.0	0.0016800000
99796.0	0.0016800000
102058.0	0.0016800000
103313.0	0.0009300000
104584.0	0.0009300000
105871.0	0.0009300000
107173.0	0.0009300000
108492.0	0.0009300000
109826.0	0.0009300000
111177.0	0.0009300000
112545.0	0.0009300000
113929.0	0.0009300000
115331.0	0.0009300000
116988.0	0.0009200000
118669.0	0.0009200000
120373.0	0.0009200000
122103.0	0.0009200000
123857.0	0.0009200000
125636.0	0.0009200000
127441.0	0.0009200000
129272.0	0.0009200000
131129.0	0.0009200000
133013.0	0.0009200000
135199.0	0.0009400000
137421.0	0.0009400000
139679.0	0.0009400000
141975.0	0.0009400000
144308.0	0.0009400000
146680.0	0.0009400000
149091.0	0.0009400000
151541.0	0.0009400000
154032.0	0.0009400000
156563.0	0.0009400000
159136.0	0.0009300000
161752.0	0.0009300000
164410.0	0.0009300000
167112.0	0.0009300000
169859.0	0.0009300000
172651.0	0.0009300000
175488.0	0.0009300000
178373.0	0.0009300000
181304.0	0.0009300000
184284.0	0.0009300000
186932.0	0.0009200000
189618.0	0.0009200000
192343.0	0.0009200000
195107.0	0.0009200000
197911.0	0.0009200000
200755.0	0.0009200000
203640.0	0.0009200000
206566.0	0.0009200000
209535.0	0.0009200000
212546.0	0.0009200000
215160.0	0.0009300000
217805.0	0.0009300000
220484.0	0.0009300000
223195.0	0.0009300000
225940.0	0.0009300000
228718.0	0.0009300000
231530.0	0.0009300000
234377.0	0.0009300000
237259.0	0.0009300000
240177.0	0.0009300000
244622.0	0.0009300000
249150.0	0.0009300000
253761.0	0.0009300000
258458.0	0.0009300000
263241.0	0.0009300000
268113.0	0.0009300000
273075.0	0.0009300000
278129.0	0.0009300000
283277.0	0.0009300000
288520.0	0.0009300000
302981.0	0.0009300000
318166.0	0.0009300000
334113.0	0.0009300000
350858.0	0.0009300000
368444.0	0.0009300000
386910.0	0.0009300000
406302.0	0.0009300000
426666.0	0.0009300000
448051.0	0.0009300000
470507.0	0.0009300000
492079.0	0.0005600000
514641.0	0.0005600000
538237.0	0.0005600000
562914.0	0.0005600000
588723.0	0.0005600000
615716.0	0.0005600000
643946.0	0.0005600000
673470.0	0.0005600000
704348.0	0.0005600000
736642.0	0.0005600000
754877.0	0.0003700000
773563.0	0.0003700000
792711.0	0.0003700000
812333.0	0.0003700000
832442.0	0.0003700000
853048.0	0.0003700000
874164.0	0.0003700000
895802.0	0.0003700000
917977.0	0.0003700000
940700.0	0.0003700000
1002039.0	0.0009300000
1067379.0	0.0009300000
1136978.0	0.0009300000
1211116.0	0.0009300000
1290088.0	0.0009300000
1374210.0	0.0009300000
1463817.0	0.0009300000
1559267.0	0.0009300000
1660940.0	0.0009300000
1769244.0	0.0009300000
1805665.0	0.0005600000
1842837.0	0.0005600000
1880773.0	0.0005600000
1919490.0	0.0005600000
1959005.0	0.0005600000
1999332.0	0.0005600000
2040490.0	0.0005600000
2082496.0	0.0005600000
2125366.0	0.0005600000
2169118.0	0.0005600000
2527289.0	0.0013000000
2944602.0	0.0013000000
3430822.0	0.0013000000
3997329.0	0.0013000000
4657379.0	0.0013000000
5426418.0	0.0013000000
6322443.0	0.0013000000
7366423.0	0.0013000000
8582787.0	0.0013000000
10000000.0	0.0013000000
