130.0	0.0104000000
227.0	0.0097000000
248.0	0.0104000000
271.0	0.0104000000
297.0	0.0099900000
303.0	0.0096600000
308.0	0.0171000000
310.0	0.0085500000
313.0	0.0085500000
315.0	0.0085500000
318.0	0.0085500000
321.0	0.0085500000
326.0	0.0171000000
331.0	0.0065100000
335.0	0.0065100000
345.0	0.0130200000
350.0	0.0065100000
360.0	0.0130200000
371.0	0.0130200000
376.0	0.0065100000
395.0	0.0081600000
420.0	0.0102000000
435.0	0.0102200000
452.0	0.0122700000
463.0	0.0081800000
480.0	0.0122700000
491.0	0.0195200000
502.0	0.0195200000
513.0	0.0195200000
525.0	0.0195200000
537.0	0.0195200000
549.0	0.0195200000
561.0	0.0195200000
574.0	0.0195200000
587.0	0.0195200000
600.0	0.0195200000
607.0	0.0057600000
615.0	0.0057600000
623.0	0.0057600000
630.0	0.0057600000
638.0	0.0057600000
646.0	0.0057600000
654.0	0.0057600000
662.0	0.0057600000
671.0	0.0057600000
679.0	0.0057600000
685.0	0.0035300000
690.0	0.0035300000
696.0	0.0035300000
702.0	0.0035300000
707.0	0.0035300000
713.0	0.0035300000
719.0	0.0035300000
725.0	0.0035300000
737.0	0.0070600000
762.0	0.0096800000
787.0	0.0096800000
825.0	0.0093400000
885.0	0.0105000000
960.0	0.0092500000
1063.0	0.0111000000
1177.0	0.0092500000
1303.0	0.0096400000
1425.0	0.0097000000
1559.0	0.0107600000
1624.0	0.0102500000
1865.0	0.0091100000
2862.0	0.0100200000
4582.0	0.0102300000
6387.0	0.0102400000
10373.0	0.0100500000
31946.0	0.0104000000
36844.0	0.0093000000
40382.0	0.0111600000
42493.0	0.0093000000
44531.0	0.0094800000
45913.0	0.0102000000
47435.0	0.0118800000
48609.0	0.0111600000
49408.0	0.0074400000
50632.0	0.0111600000
57684.0	0.0081600000
69014.0	0.0104000000
74266.0	0.0093000000
77041.0	0.0107700000
79595.0	0.0118800000
81565.0	0.0089100000
91238.0	0.0084000000
104584.0	0.0102600000
120373.0	0.0102000000
141975.0	0.0102000000
167112.0	0.0093600000
197911.0	0.0101800000
228718.0	0.0101800000
273075.0	0.0102300000
406302.0	0.0093000000
832442.0	0.0102400000
1660940.0	0.0102200000
3430822.0	0.0104300000
10000000.0	0.0091000000
