2.0	0.1840300000
3.0	0.0923900000
4.0	0.0001800000
5.0	0.0274000000
6.0	0.0006500000
7.0	0.0060600000
8.0	0.0002300000
9.0	0.0083700000
10.0	0.0083700000
11.0	0.0898900000
12.0	0.0009200000
13.0	0.0032600000
14.0	0.0198000000
15.0	0.0284500000
16.0	0.0024633924
16.0	0.0011637586
16.0	0.0011946656
17.0	0.0012262866
17.0	0.0012586318
18.0	0.0012917112
19.0	0.0013255346
19.0	0.0013601113
20.0	0.0013954503
20.0	0.0014315605
27.0	0.0164765265
37.0	0.0209780064
47.0	0.0205650883
57.0	0.0210609011
67.0	0.0168967498
79.0	0.0223579981
92.0	0.0203470871
103.0	0.0173541403
120.0	0.0229373429
135.0	0.0192359926
151.0	0.0198957738
170.0	0.0204095845
191.0	0.0207528359
215.0	0.0209042085
242.0	0.0208473045
264.0	0.0154670394
297.0	0.0202210974
334.0	0.0195642046
387.0	0.0232240045
435.0	0.0173774206
503.0	0.0199843063
600.0	0.0211823012
715.0	0.0179864994
930.0	0.0211149487
1360.0	0.0197154105
100000.0	0.0190321244
