1.0	0.005830
2.0	0.178200
3.0	0.092390
4.0	0.000180
5.0	0.027400
6.0	0.000650
7.0	0.006060
8.0	0.000230
9.0	0.008370
10.0	0.008370
11.0	0.089890
12.0	0.000920
13.0	0.003260
14.0	0.019800
15.0	0.028450
16.0	0.002463
16.0	0.001164
16.0	0.001195
17.0	0.001226
17.0	0.001259
18.0	0.001292
19.0	0.001326
19.0	0.001360
20.0	0.001395
20.0	0.001432
21.0	0.001468
22.0	0.001506
22.0	0.001545
23.0	0.001584
24.0	0.001624
24.0	0.001665
25.0	0.001707
26.0	0.001749
27.0	0.001792
27.0	0.001837
28.0	0.001882
29.0	0.001927
30.0	0.001974
31.0	0.002022
32.0	0.002070
33.0	0.002119
34.0	0.002169
35.0	0.002220
36.0	0.002271
37.0	0.002324
38.0	0.002377
39.0	0.002431
40.0	0.002485
41.0	0.002541
43.0	0.002597
44.0	0.002654
45.0	0.002711
47.0	0.002769
48.0	0.002828
50.0	0.002887
51.0	0.002947
53.0	0.003008
54.0	0.003069
56.0	0.003130
57.0	0.003192
59.0	0.003254
61.0	0.003316
63.0	0.003379
65.0	0.003442
67.0	0.003505
69.0	0.003568
71.0	0.003632
73.0	0.003695
75.0	0.003758
77.0	0.003821
79.0	0.003884
82.0	0.003946
84.0	0.004008
87.0	0.004070
89.0	0.004131
92.0	0.004191
95.0	0.004251
97.0	0.004310
100.0	0.004368
103.0	0.004425
106.0	0.004481
110.0	0.004536
113.0	0.004589
116.0	0.004641
120.0	0.004691
123.0	0.004740
127.0	0.004787
131.0	0.004833
135.0	0.004876
139.0	0.004917
143.0	0.004957
147.0	0.004994
151.0	0.005028
156.0	0.005060
161.0	0.005090
165.0	0.005117
170.0	0.005142
175.0	0.005163
181.0	0.005182
186.0	0.005198
191.0	0.005210
197.0	0.005220
203.0	0.005226
209.0	0.005229
215.0	0.005229
222.0	0.005226
228.0	0.005219
235.0	0.005208
242.0	0.005195
249.0	0.005177
257.0	0.005157
264.0	0.005133
272.0	0.005105
280.0	0.005074
289.0	0.005040
297.0	0.005002
306.0	0.004961
315.0	0.004916
324.0	0.004869
334.0	0.004818
344.0	0.004764
354.0	0.004707
365.0	0.004648
376.0	0.004585
387.0	0.004520
398.0	0.004452
410.0	0.004382
422.0	0.004309
435.0	0.004234
448.0	0.004158
461.0	0.004079
475.0	0.003998
489.0	0.003916
503.0	0.003833
518.0	0.003748
534.0	0.003662
549.0	0.003575
566.0	0.003488
582.0	0.003399
600.0	0.003310
618.0	0.003221
636.0	0.003132
655.0	0.003042
674.0	0.002953
694.0	0.002864
715.0	0.002775
736.0	0.002687
758.0	0.002600
780.0	0.002513
804.0	0.002427
827.0	0.002342
852.0	0.002259
877.0	0.002176
903.0	0.002095
930.0	0.002016
958.0	0.001938
986.0	0.001861
1015.0	0.001786
1046.0	0.001713
1077.0	0.001641
1108.0	0.001572
1141.0	0.001504
1175.0	0.001438
1210.0	0.001373
1246.0	0.001311
1283.0	0.001251
1321.0	0.001192
1360.0	0.001136
1401.0	0.001081
1442.0	0.001029
1485.0	0.000978
1529.0	0.000929
1574.0	0.000882
1621.0	0.000836
1669.0	0.000793
1719.0	0.000751
1770.0	0.000711
1822.0	0.000673
1876.0	0.000637
1932.0	0.000602
1989.0	0.000568
2048.0	0.000536
2109.0	0.000506
2172.0	0.000477
2236.0	0.000450
2303.0	0.000423
2371.0	0.000399
2441.0	0.000375
2514.0	0.000353
2588.0	0.000331
2665.0	0.000311
2744.0	0.000292
2826.0	0.000274
2909.0	0.000257
2996.0	0.000241
3085.0	0.000226
3176.0	0.000212
3270.0	0.000198
3367.0	0.000185
3467.0	0.000173
3570.0	0.000162
3676.0	0.000151
3785.0	0.000142
3897.0	0.000132
4013.0	0.000123
4132.0	0.000115
4255.0	0.000107
4381.0	0.000100
4511.0	0.000093
4645.0	0.000087
4782.0	0.000081
4924.0	0.000075
5070.0	0.000070
5221.0	0.000065
5376.0	0.000061
5535.0	0.000057
5699.0	0.000053
5868.0	0.000049
6043.0	0.000045
6222.0	0.000042
6406.0	0.000039
6596.0	0.000036
6792.0	0.000034
6994.0	0.000031
7201.0	0.000029
7415.0	0.000027
7635.0	0.000025
7861.0	0.000023
8094.0	0.000021
8334.0	0.000020
8582.0	0.000018
8836.0	0.000017
9098.0	0.000016
9368.0	0.000015
9646.0	0.000014
9932.0	0.000013
10227.0	0.000012
10530.0	0.000011
10843.0	0.000010
11164.0	0.000009
11496.0	0.000009
11837.0	0.000008
12188.0	0.000007
12549.0	0.000007
12922.0	0.000006
13305.0	0.000006
13700.0	0.000005
14106.0	0.000005
14524.0	0.000005
14955.0	0.000004
15399.0	0.000004
15856.0	0.000004
16326.0	0.000003
16810.0	0.000003
17309.0	0.000003
17822.0	0.000003
18351.0	0.000002
18896.0	0.000002
19456.0	0.000002
20033.0	0.000002
20627.0	0.000002
21239.0	0.000002
21869.0	0.000001
22518.0	0.000001
23186.0	0.000001
23874.0	0.000001
24582.0	0.000001
25311.0	0.000001
26062.0	0.000001
26835.0	0.000001
27631.0	0.000001
28451.0	0.000001
29295.0	0.000001
30164.0	0.000001
31059.0	0.000001
31980.0	0.000001
32929.0	0.000000
33905.0	0.000000
34911.0	0.000000
35947.0	0.000000
37013.0	0.000000
38111.0	0.000000
39242.0	0.000000
40406.0	0.000000
41604.0	0.000000
42838.0	0.000000
44109.0	0.000000
45418.0	0.000000
46765.0	0.000000
48152.0	0.000000
49580.0	0.000000
51051.0	0.000000
52565.0	0.000000
54125.0	0.000000
55730.0	0.000000
57383.0	0.000000
59086.0	0.000000
60838.0	0.000000
62643.0	0.000000
64501.0	0.000000
66415.0	0.000000
68385.0	0.000000
70413.0	0.000000
72502.0	0.000000
74653.0	0.000000
76867.0	0.000000
79147.0	0.000000
81495.0	0.000000
83912.0	0.000000
86401.0	0.000000
88964.0	0.000000
91603.0	0.000000
94321.0	0.000000
97119.0	0.000000
100000.0	0.000000
