2.0	0.1840300000
3.0	0.0923900000
4.0	0.0001800000
5.0	0.0274000000
6.0	0.0006500000
7.0	0.0060600000
8.0	0.0002300000
9.0	0.0083700000
10.0	0.0083700000
11.0	0.0898900000
12.0	0.0009200000
13.0	0.0032600000
14.0	0.0198000000
15.0	0.0284500000
16.0	0.0024633924
16.0	0.0011637586
16.0	0.0011946656
17.0	0.0012262866
17.0	0.0012586318
18.0	0.0012917112
19.0	0.0013255346
19.0	0.0013601113
20.0	0.0013954503
20.0	0.0014315605
21.0	0.0014684499
22.0	0.0015061265
22.0	0.0015445975
23.0	0.0015838695
24.0	0.0016239489
24.0	0.0016648411
25.0	0.0017065508
26.0	0.0017490821
27.0	0.0017924384
27.0	0.0018366219
28.0	0.0018816341
29.0	0.0019274757
30.0	0.0019741460
31.0	0.0020216433
32.0	0.0020699650
33.0	0.0021191069
34.0	0.0021690637
35.0	0.0022198287
36.0	0.0022713938
37.0	0.0023237491
38.0	0.0023768834
39.0	0.0024307838
40.0	0.0024854356
41.0	0.0025408222
43.0	0.0025969251
44.0	0.0026537240
45.0	0.0027111964
47.0	0.0027693177
48.0	0.0028280609
50.0	0.0028873972
51.0	0.0029472949
57.0	0.0123981481
63.0	0.0099494621
67.0	0.0069472877
73.0	0.0108950246
79.0	0.0114629736
84.0	0.0079546486
92.0	0.0123924385
97.0	0.0085611707
103.0	0.0087929695
113.0	0.0136052143
120.0	0.0093321285
127.0	0.0095274171
135.0	0.0097085755
143.0	0.0098739340
151.0	0.0100218398
161.0	0.0101506798
170.0	0.0102589047
181.0	0.0103450539
191.0	0.0104077820
203.0	0.0104458844
215.0	0.0104583240
228.0	0.0104442555
242.0	0.0104030490
249.0	0.0051774769
264.0	0.0102895625
280.0	0.0101793461
297.0	0.0100417513
315.0	0.0098773219
334.0	0.0096868827
365.0	0.0141191308
387.0	0.0091048737
410.0	0.0088337869
435.0	0.0085436336
475.0	0.0122350222
503.0	0.0077492841
549.0	0.0109854495
600.0	0.0101968517
655.0	0.0093947850
715.0	0.0085917144
804.0	0.0102264107
930.0	0.0108885379
1077.0	0.0089387777
1360.0	0.0107766329
1876.0	0.0093000303
100000.0	0.0097320940
