2.0	0.075603
3.0	0.056703
4.0	0.018901
8.0	0.018901
32.0	0.018901
34.0	0.013743
36.0	0.013743
38.0	0.013743
40.0	0.013743
43.0	0.013743
46.0	0.013743
49.0	0.013743
53.0	0.013743
58.0	0.013743
64.0	0.013743
67.0	0.001527
71.0	0.001527
75.0	0.001527
80.0	0.001527
85.0	0.001527
91.0	0.001527
98.0	0.001527
107.0	0.001527
116.0	0.001527
128.0	0.001527
135.0	0.012214
142.0	0.012214
151.0	0.012214
160.0	0.012214
171.0	0.012214
183.0	0.012214
197.0	0.012214
213.0	0.012214
233.0	0.012214
256.0	0.012214
269.0	0.044656
284.0	0.044656
301.0	0.044656
320.0	0.044656
341.0	0.044656
366.0	0.044656
394.0	0.044656
427.0	0.044656
465.0	0.044656
512.0	0.044656
539.0	0.004771
569.0	0.004771
602.0	0.004771
640.0	0.004771
683.0	0.004771
731.0	0.004771
788.0	0.004771
853.0	0.004771
931.0	0.004771
1024.0	0.004771
1078.0	0.002290
1138.0	0.002290
1205.0	0.002290
1280.0	0.002290
1365.0	0.002290
1463.0	0.002290
1575.0	0.002290
1707.0	0.002290
1862.0	0.002290
2048.0	0.002290
2156.0	0.001431
2276.0	0.001431
2409.0	0.001431
2560.0	0.001431
2731.0	0.001431
2926.0	0.001431
3151.0	0.001431
3413.0	0.001431
3724.0	0.001431
4096.0	0.001431
4312.0	0.000310
4551.0	0.000310
4819.0	0.000310
5120.0	0.000310
5461.0	0.000310
5851.0	0.000310
6302.0	0.000310
6827.0	0.000310
7447.0	0.000310
8192.0	0.000310
8623.0	0.000048
9102.0	0.000048
9638.0	0.000048
10240.0	0.000048
10923.0	0.000048
11703.0	0.000048
12603.0	0.000048
13653.0	0.000048
14895.0	0.000048
16384.0	0.000048
17246.0	0.000024
18204.0	0.000024
19275.0	0.000024
20480.0	0.000024
21845.0	0.000024
23406.0	0.000024
25206.0	0.000024
27307.0	0.000024
29789.0	0.000024
32768.0	0.000024
34493.0	0.000021
36409.0	0.000021
38551.0	0.000021
40960.0	0.000021
43691.0	0.000021
46811.0	0.000021
50412.0	0.000021
54613.0	0.000021
59578.0	0.000021
65536.0	0.000021
68985.0	0.000052
72818.0	0.000052
77101.0	0.000052
81920.0	0.000052
87381.0	0.000052
93623.0	0.000052
100825.0	0.000052
109227.0	0.000052
119156.0	0.000052
131072.0	0.000052
137971.0	0.000010
145636.0	0.000010
154202.0	0.000010
163840.0	0.000010
174763.0	0.000010
187246.0	0.000010
201649.0	0.000010
218453.0	0.000010
238313.0	0.000010
262144.0	0.000010
275941.0	0.000001
291271.0	0.000001
308405.0	0.000001
327680.0	0.000001
349525.0	0.000001
374491.0	0.000001
403298.0	0.000001
436907.0	0.000001
476625.0	0.000001
524288.0	0.000001
573085.0	0.000002
631896.0	0.000002
704160.0	0.000002
795085.0	0.000002
912974.0	0.000002
1071908.0	0.000002
1297841.0	0.000002
1644453.0	0.000002
2243665.0	0.000002
3529904.0	0.000002
