2.0	0.0756033902
3.0	0.0567025426
4.0	0.0189008475
8.0	0.0189008475
32.0	0.0189008475
34.0	0.0137427453
36.0	0.0137427453
38.0	0.0137427453
40.0	0.0137427453
43.0	0.0137427453
46.0	0.0137427453
49.0	0.0137427453
53.0	0.0137427453
58.0	0.0137427453
64.0	0.0137427453
67.0	0.0015267245
71.0	0.0015267245
75.0	0.0015267245
80.0	0.0015267245
85.0	0.0015267245
91.0	0.0015267245
98.0	0.0015267245
107.0	0.0015267245
116.0	0.0015267245
128.0	0.0015267245
135.0	0.0122136367
142.0	0.0122136367
151.0	0.0122136367
160.0	0.0122136367
171.0	0.0122136367
183.0	0.0122136367
197.0	0.0122136367
213.0	0.0122136367
233.0	0.0122136367
256.0	0.0122136367
269.0	0.0446561079
284.0	0.0446561079
301.0	0.0446561079
320.0	0.0446561079
341.0	0.0446561079
366.0	0.0446561079
394.0	0.0446561079
427.0	0.0446561079
465.0	0.0446561079
512.0	0.0446561079
539.0	0.0047709517
569.0	0.0047709517
602.0	0.0047709517
640.0	0.0047709517
683.0	0.0047709517
731.0	0.0047709517
788.0	0.0047709517
853.0	0.0047709517
931.0	0.0047709517
1024.0	0.0047709517
1078.0	0.0022900576
1138.0	0.0022900576
1205.0	0.0022900576
1280.0	0.0022900576
1365.0	0.0022900576
1463.0	0.0022900576
1575.0	0.0022900576
1707.0	0.0022900576
1862.0	0.0022900576
2048.0	0.0022900576
2156.0	0.0014312849
2276.0	0.0014312849
2409.0	0.0014312849
2560.0	0.0014312849
2731.0	0.0014312849
2926.0	0.0014312849
3151.0	0.0014312849
3413.0	0.0014312849
3724.0	0.0014312849
4096.0	0.0014312849
4312.0	0.0003101121
4551.0	0.0003101121
4819.0	0.0003101121
5120.0	0.0003101121
5461.0	0.0003101121
5851.0	0.0003101121
6302.0	0.0003101121
6827.0	0.0003101121
7447.0	0.0003101121
8192.0	0.0003101121
8623.0	0.0000477095
9102.0	0.0000477095
9638.0	0.0000477095
10240.0	0.0000477095
10923.0	0.0000477095
11703.0	0.0000477095
12603.0	0.0000477095
13653.0	0.0000477095
14895.0	0.0000477095
16384.0	0.0000477095
17246.0	0.0000238547
18204.0	0.0000238547
19275.0	0.0000238547
20480.0	0.0000238547
21845.0	0.0000238547
23406.0	0.0000238547
25206.0	0.0000238547
27307.0	0.0000238547
29789.0	0.0000238547
32768.0	0.0000238547
34493.0	0.0000208729
36409.0	0.0000208729
38551.0	0.0000208729
40960.0	0.0000208729
43691.0	0.0000208729
46811.0	0.0000208729
50412.0	0.0000208729
54613.0	0.0000208729
59578.0	0.0000208729
65536.0	0.0000208729
68985.0	0.0000521823
72818.0	0.0000521823
77101.0	0.0000521823
81920.0	0.0000521823
87381.0	0.0000521823
93623.0	0.0000521823
100825.0	0.0000521823
109227.0	0.0000521823
119156.0	0.0000521823
131072.0	0.0000521823
137971.0	0.0000104365
145636.0	0.0000104365
154202.0	0.0000104365
163840.0	0.0000104365
174763.0	0.0000104365
187246.0	0.0000104365
201649.0	0.0000104365
218453.0	0.0000104365
238313.0	0.0000104365
262144.0	0.0000104365
275941.0	0.0000007455
291271.0	0.0000007455
308405.0	0.0000007455
327680.0	0.0000007455
349525.0	0.0000007455
374491.0	0.0000007455
403298.0	0.0000007455
436907.0	0.0000007455
476625.0	0.0000007455
524288.0	0.0000007455
573085.0	0.0000017304
631896.0	0.0000017304
704160.0	0.0000017304
795085.0	0.0000017304
912974.0	0.0000017304
1071908.0	0.0000017304
1297841.0	0.0000017304
1644453.0	0.0000017304
2243665.0	0.0000017304
3529904.0	0.0000017304
