3.0	0.0648826230
32.0	0.0324413115
36.0	0.0115893604
40.0	0.0115893604
46.0	0.0115893604
53.0	0.0115893604
64.0	0.0115893604
70.0	0.0327170677
77.0	0.0327170677
85.0	0.0327170677
96.0	0.0327170677
110.0	0.0327170677
128.0	0.0327170677
137.0	0.0182909526
146.0	0.0182909526
158.0	0.0182909526
171.0	0.0182909526
186.0	0.0182909526
205.0	0.0182909526
228.0	0.0182909526
256.0	0.0182909526
268.0	0.0260927715
282.0	0.0260927715
296.0	0.0260927715
313.0	0.0260927715
331.0	0.0260927715
352.0	0.0260927715
375.0	0.0260927715
402.0	0.0260927715
433.0	0.0260927715
469.0	0.0260927715
512.0	0.0260927715
531.0	0.0055913084
551.0	0.0055913084
573.0	0.0055913084
597.0	0.0055913084
623.0	0.0055913084
652.0	0.0055913084
683.0	0.0055913084
717.0	0.0055913084
755.0	0.0055913084
796.0	0.0055913084
843.0	0.0055913084
896.0	0.0055913084
956.0	0.0055913084
1024.0	0.0055913084
1053.0	0.0025367975
1084.0	0.0025367975
1117.0	0.0025367975
1152.0	0.0025367975
1189.0	0.0025367975
1229.0	0.0025367975
1271.0	0.0025367975
1317.0	0.0025367975
1365.0	0.0025367975
1418.0	0.0025367975
1475.0	0.0025367975
1536.0	0.0025367975
1603.0	0.0025367975
1676.0	0.0025367975
1755.0	0.0025367975
1843.0	0.0025367975
1940.0	0.0025367975
2048.0	0.0025367975
2092.0	0.0010871969
2137.0	0.0010871969
2185.0	0.0010871969
2234.0	0.0010871969
2286.0	0.0010871969
2341.0	0.0010871969
2398.0	0.0010871969
2458.0	0.0010871969
2521.0	0.0010871969
2587.0	0.0010871969
2657.0	0.0010871969
2731.0	0.0010871969
2809.0	0.0010871969
2891.0	0.0010871969
2979.0	0.0010871969
3072.0	0.0010871969
3171.0	0.0010871969
3277.0	0.0010871969
3390.0	0.0010871969
3511.0	0.0010871969
3641.0	0.0010871969
3781.0	0.0010871969
3932.0	0.0010871969
4096.0	0.0010871969
4163.0	0.0009469166
4233.0	0.0009469166
4304.0	0.0009469166
4378.0	0.0009469166
4455.0	0.0009469166
4535.0	0.0009469166
4617.0	0.0009469166
4703.0	0.0009469166
4792.0	0.0009469166
4884.0	0.0009469166
4979.0	0.0009469166
5079.0	0.0009469166
5183.0	0.0009469166
5291.0	0.0009469166
5403.0	0.0009469166
5521.0	0.0009469166
5643.0	0.0009469166
5772.0	0.0009469166
5906.0	0.0009469166
6046.0	0.0009469166
6194.0	0.0009469166
6349.0	0.0009469166
6512.0	0.0009469166
6683.0	0.0009469166
6864.0	0.0009469166
7054.0	0.0009469166
7256.0	0.0009469166
7469.0	0.0009469166
7696.0	0.0009469166
7936.0	0.0009469166
8192.0	0.0009469166
8293.0	0.0004971946
8397.0	0.0004971946
8503.0	0.0004971946
8612.0	0.0004971946
8724.0	0.0004971946
8839.0	0.0004971946
8957.0	0.0004971946
9078.0	0.0004971946
9202.0	0.0004971946
9330.0	0.0004971946
9461.0	0.0004971946
9596.0	0.0004971946
9735.0	0.0004971946
9879.0	0.0004971946
10026.0	0.0004971946
10178.0	0.0004971946
10335.0	0.0004971946
10496.0	0.0004971946
10663.0	0.0004971946
10835.0	0.0004971946
11012.0	0.0004971946
11196.0	0.0004971946
11385.0	0.0004971946
11582.0	0.0004971946
11785.0	0.0004971946
11995.0	0.0004971946
12214.0	0.0004971946
12440.0	0.0004971946
12674.0	0.0004971946
12918.0	0.0004971946
13171.0	0.0004971946
13435.0	0.0004971946
13709.0	0.0004971946
13995.0	0.0004971946
14292.0	0.0004971946
14603.0	0.0004971946
14928.0	0.0004971946
15267.0	0.0004971946
15622.0	0.0004971946
15994.0	0.0004971946
16384.0	0.0004971946
16540.0	0.0001076942
16699.0	0.0001076942
16861.0	0.0001076942
17027.0	0.0001076942
17195.0	0.0001076942
17367.0	0.0001076942
17542.0	0.0001076942
17721.0	0.0001076942
17904.0	0.0001076942
18091.0	0.0001076942
18281.0	0.0001076942
18476.0	0.0001076942
18674.0	0.0001076942
18877.0	0.0001076942
19085.0	0.0001076942
19297.0	0.0001076942
19514.0	0.0001076942
19735.0	0.0001076942
19962.0	0.0001076942
20194.0	0.0001076942
20432.0	0.0001076942
20675.0	0.0001076942
20924.0	0.0001076942
21179.0	0.0001076942
21441.0	0.0001076942
21709.0	0.0001076942
21984.0	0.0001076942
22265.0	0.0001076942
22555.0	0.0001076942
22851.0	0.0001076942
23156.0	0.0001076942
23469.0	0.0001076942
23790.0	0.0001076942
24121.0	0.0001076942
24461.0	0.0001076942
24810.0	0.0001076942
25170.0	0.0001076942
25540.0	0.0001076942
25921.0	0.0001076942
26314.0	0.0001076942
26719.0	0.0001076942
27136.0	0.0001076942
27567.0	0.0001076942
28011.0	0.0001076942
28471.0	0.0001076942
28945.0	0.0001076942
29436.0	0.0001076942
29943.0	0.0001076942
30468.0	0.0001076942
31013.0	0.0001076942
31576.0	0.0001076942
32161.0	0.0001076942
32768.0	0.0001076942
33007.0	0.0000413607
33250.0	0.0000413607
33496.0	0.0000413607
33746.0	0.0000413607
34000.0	0.0000413607
34257.0	0.0000413607
34519.0	0.0000413607
34784.0	0.0000413607
35054.0	0.0000413607
35328.0	0.0000413607
35606.0	0.0000413607
35889.0	0.0000413607
36176.0	0.0000413607
36468.0	0.0000413607
36764.0	0.0000413607
37065.0	0.0000413607
37372.0	0.0000413607
37683.0	0.0000413607
38000.0	0.0000413607
38322.0	0.0000413607
38649.0	0.0000413607
38983.0	0.0000413607
39322.0	0.0000413607
39667.0	0.0000413607
40018.0	0.0000413607
40375.0	0.0000413607
40739.0	0.0000413607
41109.0	0.0000413607
41486.0	0.0000413607
41870.0	0.0000413607
42262.0	0.0000413607
42660.0	0.0000413607
43067.0	0.0000413607
43481.0	0.0000413607
43903.0	0.0000413607
44333.0	0.0000413607
44772.0	0.0000413607
45220.0	0.0000413607
45677.0	0.0000413607
46143.0	0.0000413607
46618.0	0.0000413607
47104.0	0.0000413607
47600.0	0.0000413607
48106.0	0.0000413607
48623.0	0.0000413607
49152.0	0.0000413607
49692.0	0.0000413607
50244.0	0.0000413607
50809.0	0.0000413607
51386.0	0.0000413607
51977.0	0.0000413607
52581.0	0.0000413607
53200.0	0.0000413607
53833.0	0.0000413607
54482.0	0.0000413607
55146.0	0.0000413607
55827.0	0.0000413607
56525.0	0.0000413607
57240.0	0.0000413607
57974.0	0.0000413607
58727.0	0.0000413607
59500.0	0.0000413607
60293.0	0.0000413607
61108.0	0.0000413607
61945.0	0.0000413607
62805.0	0.0000413607
63690.0	0.0000413607
64600.0	0.0000413607
65536.0	0.0000413607
65902.0	0.0000430350
66272.0	0.0000430350
66647.0	0.0000430350
67025.0	0.0000430350
67408.0	0.0000430350
67796.0	0.0000430350
68188.0	0.0000430350
68584.0	0.0000430350
68985.0	0.0000430350
69391.0	0.0000430350
69802.0	0.0000430350
70217.0	0.0000430350
70638.0	0.0000430350
71063.0	0.0000430350
71494.0	0.0000430350
71930.0	0.0000430350
72371.0	0.0000430350
72818.0	0.0000430350
73270.0	0.0000430350
73728.0	0.0000430350
74192.0	0.0000430350
74661.0	0.0000430350
75137.0	0.0000430350
75618.0	0.0000430350
76106.0	0.0000430350
76601.0	0.0000430350
77101.0	0.0000430350
77608.0	0.0000430350
78122.0	0.0000430350
78643.0	0.0000430350
79171.0	0.0000430350
79706.0	0.0000430350
80248.0	0.0000430350
80798.0	0.0000430350
81355.0	0.0000430350
81920.0	0.0000430350
82493.0	0.0000430350
83074.0	0.0000430350
83663.0	0.0000430350
84261.0	0.0000430350
84867.0	0.0000430350
85482.0	0.0000430350
86106.0	0.0000430350
86739.0	0.0000430350
87381.0	0.0000430350
88033.0	0.0000430350
88695.0	0.0000430350
89367.0	0.0000430350
90049.0	0.0000430350
90742.0	0.0000430350
91446.0	0.0000430350
92160.0	0.0000430350
92886.0	0.0000430350
93623.0	0.0000430350
94372.0	0.0000430350
95133.0	0.0000430350
95906.0	0.0000430350
96692.0	0.0000430350
97492.0	0.0000430350
98304.0	0.0000430350
99130.0	0.0000430350
99970.0	0.0000430350
100825.0	0.0000430350
101694.0	0.0000430350
102578.0	0.0000430350
103478.0	0.0000430350
104394.0	0.0000430350
105326.0	0.0000430350
106275.0	0.0000430350
107241.0	0.0000430350
108225.0	0.0000430350
109227.0	0.0000430350
110247.0	0.0000430350
111288.0	0.0000430350
112347.0	0.0000430350
113428.0	0.0000430350
114529.0	0.0000430350
115652.0	0.0000430350
116797.0	0.0000430350
117965.0	0.0000430350
119156.0	0.0000430350
120372.0	0.0000430350
121613.0	0.0000430350
122880.0	0.0000430350
124173.0	0.0000430350
125494.0	0.0000430350
126844.0	0.0000430350
128223.0	0.0000430350
129632.0	0.0000430350
131072.0	0.0000430350
131630.0	0.0000112223
132192.0	0.0000112223
132760.0	0.0000112223
133332.0	0.0000112223
133909.0	0.0000112223
134491.0	0.0000112223
135079.0	0.0000112223
135671.0	0.0000112223
136269.0	0.0000112223
136872.0	0.0000112223
137480.0	0.0000112223
138094.0	0.0000112223
138713.0	0.0000112223
139338.0	0.0000112223
139968.0	0.0000112223
140605.0	0.0000112223
141247.0	0.0000112223
141894.0	0.0000112223
142548.0	0.0000112223
143208.0	0.0000112223
143874.0	0.0000112223
144547.0	0.0000112223
145225.0	0.0000112223
145910.0	0.0000112223
146602.0	0.0000112223
147300.0	0.0000112223
148005.0	0.0000112223
148716.0	0.0000112223
149435.0	0.0000112223
150160.0	0.0000112223
150893.0	0.0000112223
151632.0	0.0000112223
152379.0	0.0000112223
153134.0	0.0000112223
153895.0	0.0000112223
154665.0	0.0000112223
155442.0	0.0000112223
156227.0	0.0000112223
157020.0	0.0000112223
157821.0	0.0000112223
158631.0	0.0000112223
159448.0	0.0000112223
160275.0	0.0000112223
161109.0	0.0000112223
161953.0	0.0000112223
162805.0	0.0000112223
163667.0	0.0000112223
164537.0	0.0000112223
165417.0	0.0000112223
166306.0	0.0000112223
167205.0	0.0000112223
168114.0	0.0000112223
169033.0	0.0000112223
169961.0	0.0000112223
170901.0	0.0000112223
171850.0	0.0000112223
172810.0	0.0000112223
173781.0	0.0000112223
174763.0	0.0000112223
175756.0	0.0000112223
176760.0	0.0000112223
177776.0	0.0000112223
178803.0	0.0000112223
179843.0	0.0000112223
180895.0	0.0000112223
181959.0	0.0000112223
183035.0	0.0000112223
184125.0	0.0000112223
185227.0	0.0000112223
186343.0	0.0000112223
187473.0	0.0000112223
188616.0	0.0000112223
189773.0	0.0000112223
190944.0	0.0000112223
192130.0	0.0000112223
193331.0	0.0000112223
194547.0	0.0000112223
195778.0	0.0000112223
197025.0	0.0000112223
198288.0	0.0000112223
199568.0	0.0000112223
200864.0	0.0000112223
202176.0	0.0000112223
203507.0	0.0000112223
204854.0	0.0000112223
206220.0	0.0000112223
207604.0	0.0000112223
209007.0	0.0000112223
210429.0	0.0000112223
211870.0	0.0000112223
213331.0	0.0000112223
214812.0	0.0000112223
216315.0	0.0000112223
217838.0	0.0000112223
219383.0	0.0000112223
220950.0	0.0000112223
222540.0	0.0000112223
224152.0	0.0000112223
225788.0	0.0000112223
227448.0	0.0000112223
229133.0	0.0000112223
230843.0	0.0000112223
232579.0	0.0000112223
234341.0	0.0000112223
236130.0	0.0000112223
237946.0	0.0000112223
239791.0	0.0000112223
241664.0	0.0000112223
243567.0	0.0000112223
245500.0	0.0000112223
247464.0	0.0000112223
249460.0	0.0000112223
251488.0	0.0000112223
253549.0	0.0000112223
255645.0	0.0000112223
257775.0	0.0000112223
259941.0	0.0000112223
262144.0	0.0000112223
263003.0	0.0000068309
263869.0	0.0000068309
264739.0	0.0000068309
265616.0	0.0000068309
266499.0	0.0000068309
267387.0	0.0000068309
268281.0	0.0000068309
269181.0	0.0000068309
270088.0	0.0000068309
271000.0	0.0000068309
271919.0	0.0000068309
272844.0	0.0000068309
273775.0	0.0000068309
274713.0	0.0000068309
275657.0	0.0000068309
276607.0	0.0000068309
277564.0	0.0000068309
278528.0	0.0000068309
279498.0	0.0000068309
280476.0	0.0000068309
281460.0	0.0000068309
282451.0	0.0000068309
283449.0	0.0000068309
284454.0	0.0000068309
285466.0	0.0000068309
286486.0	0.0000068309
287513.0	0.0000068309
288547.0	0.0000068309
289589.0	0.0000068309
290638.0	0.0000068309
291695.0	0.0000068309
292759.0	0.0000068309
293832.0	0.0000068309
294912.0	0.0000068309
296000.0	0.0000068309
297097.0	0.0000068309
298201.0	0.0000068309
299314.0	0.0000068309
300435.0	0.0000068309
301564.0	0.0000068309
302702.0	0.0000068309
303849.0	0.0000068309
305004.0	0.0000068309
306168.0	0.0000068309
307341.0	0.0000068309
308523.0	0.0000068309
309715.0	0.0000068309
310915.0	0.0000068309
312125.0	0.0000068309
313344.0	0.0000068309
314573.0	0.0000068309
315811.0	0.0000068309
317060.0	0.0000068309
318318.0	0.0000068309
319586.0	0.0000068309
320864.0	0.0000068309
322153.0	0.0000068309
323452.0	0.0000068309
324761.0	0.0000068309
326082.0	0.0000068309
327413.0	0.0000068309
328754.0	0.0000068309
330107.0	0.0000068309
331471.0	0.0000068309
332847.0	0.0000068309
334234.0	0.0000068309
335632.0	0.0000068309
337042.0	0.0000068309
338464.0	0.0000068309
339899.0	0.0000068309
341345.0	0.0000068309
342804.0	0.0000068309
344275.0	0.0000068309
345759.0	0.0000068309
347256.0	0.0000068309
348765.0	0.0000068309
350288.0	0.0000068309
351825.0	0.0000068309
353375.0	0.0000068309
354938.0	0.0000068309
356516.0	0.0000068309
358107.0	0.0000068309
359713.0	0.0000068309
361334.0	0.0000068309
362969.0	0.0000068309
364618.0	0.0000068309
366283.0	0.0000068309
367964.0	0.0000068309
369659.0	0.0000068309
371371.0	0.0000068309
373098.0	0.0000068309
374841.0	0.0000068309
376601.0	0.0000068309
378378.0	0.0000068309
380171.0	0.0000068309
381981.0	0.0000068309
383809.0	0.0000068309
385654.0	0.0000068309
387517.0	0.0000068309
389398.0	0.0000068309
391298.0	0.0000068309
393216.0	0.0000068309
395153.0	0.0000068309
397109.0	0.0000068309
399085.0	0.0000068309
401080.0	0.0000068309
403096.0	0.0000068309
405132.0	0.0000068309
407188.0	0.0000068309
409266.0	0.0000068309
411364.0	0.0000068309
413485.0	0.0000068309
415627.0	0.0000068309
417792.0	0.0000068309
419979.0	0.0000068309
422190.0	0.0000068309
424424.0	0.0000068309
426681.0	0.0000068309
428963.0	0.0000068309
431269.0	0.0000068309
433600.0	0.0000068309
435957.0	0.0000068309
438339.0	0.0000068309
440748.0	0.0000068309
443183.0	0.0000068309
445645.0	0.0000068309
448134.0	0.0000068309
450652.0	0.0000068309
453198.0	0.0000068309
455773.0	0.0000068309
458378.0	0.0000068309
461012.0	0.0000068309
463677.0	0.0000068309
466372.0	0.0000068309
469100.0	0.0000068309
471859.0	0.0000068309
474651.0	0.0000068309
477477.0	0.0000068309
480336.0	0.0000068309
483229.0	0.0000068309
486158.0	0.0000068309
489122.0	0.0000068309
492123.0	0.0000068309
495161.0	0.0000068309
498236.0	0.0000068309
501350.0	0.0000068309
504504.0	0.0000068309
507697.0	0.0000068309
510930.0	0.0000068309
514206.0	0.0000068309
517523.0	0.0000068309
520884.0	0.0000068309
524288.0	0.0000068309
526844.0	0.0000025215
529425.0	0.0000025215
532031.0	0.0000025215
534663.0	0.0000025215
537322.0	0.0000025215
540006.0	0.0000025215
542718.0	0.0000025215
545458.0	0.0000025215
548225.0	0.0000025215
551020.0	0.0000025215
553844.0	0.0000025215
556697.0	0.0000025215
559579.0	0.0000025215
562492.0	0.0000025215
565435.0	0.0000025215
568408.0	0.0000025215
571414.0	0.0000025215
574451.0	0.0000025215
577521.0	0.0000025215
580624.0	0.0000025215
583760.0	0.0000025215
586931.0	0.0000025215
590136.0	0.0000025215
593376.0	0.0000025215
596652.0	0.0000025215
599964.0	0.0000025215
603313.0	0.0000025215
606700.0	0.0000025215
610125.0	0.0000025215
613590.0	0.0000025215
617093.0	0.0000025215
620637.0	0.0000025215
624222.0	0.0000025215
627848.0	0.0000025215
631517.0	0.0000025215
635229.0	0.0000025215
638985.0	0.0000025215
642786.0	0.0000025215
646632.0	0.0000025215
650524.0	0.0000025215
654463.0	0.0000025215
658451.0	0.0000025215
662487.0	0.0000025215
666573.0	0.0000025215
670710.0	0.0000025215
674899.0	0.0000025215
679140.0	0.0000025215
683435.0	0.0000025215
687784.0	0.0000025215
692190.0	0.0000025215
696652.0	0.0000025215
701172.0	0.0000025215
705750.0	0.0000025215
710390.0	0.0000025215
715090.0	0.0000025215
719853.0	0.0000025215
724680.0	0.0000025215
729573.0	0.0000025215
734531.0	0.0000025215
739558.0	0.0000025215
744654.0	0.0000025215
749820.0	0.0000025215
755059.0	0.0000025215
760371.0	0.0000025215
765759.0	0.0000025215
771224.0	0.0000025215
776767.0	0.0000025215
782390.0	0.0000025215
788096.0	0.0000025215
793885.0	0.0000025215
799760.0	0.0000025215
805723.0	0.0000025215
811775.0	0.0000025215
817919.0	0.0000025215
824156.0	0.0000025215
830490.0	0.0000025215
836921.0	0.0000025215
843453.0	0.0000025215
850088.0	0.0000025215
856827.0	0.0000025215
863675.0	0.0000025215
870633.0	0.0000025215
877704.0	0.0000025215
884890.0	0.0000025215
892196.0	0.0000025215
899623.0	0.0000025215
907174.0	0.0000025215
914854.0	0.0000025215
922664.0	0.0000025215
930609.0	0.0000025215
938693.0	0.0000025215
946917.0	0.0000025215
955288.0	0.0000025215
963807.0	0.0000025215
972480.0	0.0000025215
981310.0	0.0000025215
990302.0	0.0000025215
999461.0	0.0000025215
1008790.0	0.0000025215
1018296.0	0.0000025215
1027982.0	0.0000025215
1037854.0	0.0000025215
1047917.0	0.0000025215
1058178.0	0.0000025215
1068642.0	0.0000025215
1079314.0	0.0000025215
1090202.0	0.0000025215
1101312.0	0.0000025215
1112651.0	0.0000025215
1124225.0	0.0000025215
1136043.0	0.0000025215
1148112.0	0.0000025215
1160440.0	0.0000025215
1173036.0	0.0000025215
1185908.0	0.0000025215
1199066.0	0.0000025215
1212519.0	0.0000025215
1226277.0	0.0000025215
1240351.0	0.0000025215
1254752.0	0.0000025215
1269492.0	0.0000025215
1284581.0	0.0000025215
1300034.0	0.0000025215
1315863.0	0.0000025215
1332082.0	0.0000025215
1348706.0	0.0000025215
1365751.0	0.0000025215
1383231.0	0.0000025215
1401165.0	0.0000025215
1419570.0	0.0000025215
1438465.0	0.0000025215
1457870.0	0.0000025215
1477805.0	0.0000025215
1498294.0	0.0000025215
1519358.0	0.0000025215
1541023.0	0.0000025215
1563315.0	0.0000025215
1586261.0	0.0000025215
1609891.0	0.0000025215
1634235.0	0.0000025215
1659327.0	0.0000025215
1685202.0	0.0000025215
1711896.0	0.0000025215
1739450.0	0.0000025215
1767905.0	0.0000025215
1797307.0	0.0000025215
1827703.0	0.0000025215
1859145.0	0.0000025215
1891687.0	0.0000025215
1925389.0	0.0000025215
1960314.0	0.0000025215
1996529.0	0.0000025215
2034108.0	0.0000025215
2073128.0	0.0000025215
2113675.0	0.0000025215
2155839.0	0.0000025215
2199720.0	0.0000025215
2245424.0	0.0000025215
2293067.0	0.0000025215
2342777.0	0.0000025215
2394689.0	0.0000025215
2448954.0	0.0000025215
2505735.0	0.0000025215
2565212.0	0.0000025215
2627581.0	0.0000025215
2693059.0	0.0000025215
2761883.0	0.0000025215
2834317.0	0.0000025215
2910653.0	0.0000025215
2991214.0	0.0000025215
3076362.0	0.0000025215
3166500.0	0.0000025215
3262080.0	0.0000025215
3363608.0	0.0000025215
3471660.0	0.0000025215
3586885.0	0.0000025215
3710020.0	0.0000025215
3841911.0	0.0000025215
3983524.0	0.0000025215
4135977.0	0.0000025215
4300563.0	0.0000025215
4478791.0	0.0000025215
4672430.0	0.0000025215
4883570.0	0.0000025215
5114695.0	0.0000025215
5368784.0	0.0000025215
5649438.0	0.0000025215
5961053.0	0.0000025215
6309051.0	0.0000025215
6700199.0	0.0000025215
7143054.0	0.0000025215
7648594.0	0.0000025215
8231141.0	0.0000025215
8909743.0	0.0000025215
9710291.0	0.0000025215
10668901.0	0.0000025215
11837511.0	0.0000025215
13293619.0	0.0000025215
15158197.0	0.0000025215
