3.0	0.1323059328
4.0	0.0189008475
8.0	0.0189008475
32.0	0.0189008475
34.0	0.0137427453
36.0	0.0137427453
38.0	0.0137427453
40.0	0.0137427453
43.0	0.0137427453
46.0	0.0137427453
49.0	0.0137427453
53.0	0.0137427453
58.0	0.0137427453
64.0	0.0137427453
67.0	0.0015267245
71.0	0.0015267245
116.0	0.0106870717
142.0	0.0259539979
160.0	0.0244272734
171.0	0.0122136367
197.0	0.0244272734
233.0	0.0244272734
256.0	0.0122136367
269.0	0.0446561079
284.0	0.0446561079
301.0	0.0446561079
320.0	0.0446561079
341.0	0.0446561079
366.0	0.0446561079
394.0	0.0446561079
427.0	0.0446561079
465.0	0.0446561079
512.0	0.0446561079
539.0	0.0047709517
569.0	0.0047709517
602.0	0.0047709517
640.0	0.0047709517
683.0	0.0047709517
731.0	0.0047709517
788.0	0.0047709517
853.0	0.0047709517
931.0	0.0047709517
1024.0	0.0047709517
1078.0	0.0022900576
1138.0	0.0022900576
1205.0	0.0022900576
1280.0	0.0022900576
1365.0	0.0022900576
2048.0	0.0114502881
3529904.0	0.0189892872
