32.0	0.0973239345
36.0	0.0115893604
40.0	0.0115893604
46.0	0.0115893604
53.0	0.0115893604
64.0	0.0115893604
70.0	0.0327170677
77.0	0.0327170677
85.0	0.0327170677
96.0	0.0327170677
110.0	0.0327170677
128.0	0.0327170677
137.0	0.0182909526
146.0	0.0182909526
158.0	0.0182909526
171.0	0.0182909526
186.0	0.0182909526
205.0	0.0182909526
228.0	0.0182909526
256.0	0.0182909526
268.0	0.0260927715
282.0	0.0260927715
296.0	0.0260927715
313.0	0.0260927715
331.0	0.0260927715
352.0	0.0260927715
375.0	0.0260927715
402.0	0.0260927715
433.0	0.0260927715
469.0	0.0260927715
512.0	0.0260927715
531.0	0.0055913084
551.0	0.0055913084
573.0	0.0055913084
597.0	0.0055913084
623.0	0.0055913084
652.0	0.0055913084
683.0	0.0055913084
717.0	0.0055913084
755.0	0.0055913084
796.0	0.0055913084
843.0	0.0055913084
1024.0	0.0167739253
1271.0	0.0177575828
1755.0	0.0202943803
2657.0	0.0195695584
4535.0	0.0198150592
7256.0	0.0198852490
13435.0	0.0196978921
15158197.0	0.0197807098
