32.0	0.0973239345
36.0	0.0115893604
40.0	0.0115893604
46.0	0.0115893604
53.0	0.0115893604
64.0	0.0115893604
70.0	0.0327170677
77.0	0.0327170677
85.0	0.0327170677
96.0	0.0327170677
110.0	0.0327170677
128.0	0.0327170677
137.0	0.0182909526
146.0	0.0182909526
158.0	0.0182909526
171.0	0.0182909526
186.0	0.0182909526
205.0	0.0182909526
228.0	0.0182909526
256.0	0.0182909526
268.0	0.0260927715
282.0	0.0260927715
296.0	0.0260927715
313.0	0.0260927715
331.0	0.0260927715
352.0	0.0260927715
375.0	0.0260927715
402.0	0.0260927715
433.0	0.0260927715
469.0	0.0260927715
512.0	0.0260927715
531.0	0.0055913084
551.0	0.0055913084
573.0	0.0055913084
597.0	0.0055913084
623.0	0.0055913084
652.0	0.0055913084
683.0	0.0055913084
717.0	0.0055913084
755.0	0.0055913084
796.0	0.0055913084
843.0	0.0055913084
896.0	0.0055913084
956.0	0.0055913084
1024.0	0.0055913084
1053.0	0.0025367975
1084.0	0.0025367975
1117.0	0.0025367975
1152.0	0.0025367975
1189.0	0.0025367975
1229.0	0.0025367975
1271.0	0.0025367975
1317.0	0.0025367975
1365.0	0.0025367975
1418.0	0.0025367975
1475.0	0.0025367975
1536.0	0.0025367975
1603.0	0.0025367975
1676.0	0.0025367975
1755.0	0.0025367975
1843.0	0.0025367975
1940.0	0.0025367975
2048.0	0.0025367975
2092.0	0.0010871969
2137.0	0.0010871969
2185.0	0.0010871969
2234.0	0.0010871969
2286.0	0.0010871969
2341.0	0.0010871969
2398.0	0.0010871969
2458.0	0.0010871969
2521.0	0.0010871969
2587.0	0.0010871969
2657.0	0.0010871969
2731.0	0.0010871969
2809.0	0.0010871969
2891.0	0.0010871969
2979.0	0.0010871969
3072.0	0.0010871969
3171.0	0.0010871969
3277.0	0.0010871969
3390.0	0.0010871969
3511.0	0.0010871969
3641.0	0.0010871969
3781.0	0.0010871969
3932.0	0.0010871969
4096.0	0.0010871969
4163.0	0.0009469166
4233.0	0.0009469166
4304.0	0.0009469166
4378.0	0.0009469166
4455.0	0.0009469166
4535.0	0.0009469166
4617.0	0.0009469166
5521.0	0.0085222496
7256.0	0.0104160828
9596.0	0.0097540011
13435.0	0.0099438910
31013.0	0.0098594627
15158197.0	0.0099212471
