3.0	0.1323059328
4.0	0.0189008475
8.0	0.0189008475
32.0	0.0189008475
34.0	0.0137427453
36.0	0.0137427453
38.0	0.0137427453
40.0	0.0137427453
43.0	0.0137427453
46.0	0.0137427453
49.0	0.0137427453
53.0	0.0137427453
58.0	0.0137427453
64.0	0.0137427453
67.0	0.0015267245
71.0	0.0015267245
75.0	0.0015267245
80.0	0.0015267245
85.0	0.0015267245
91.0	0.0015267245
98.0	0.0015267245
107.0	0.0015267245
116.0	0.0015267245
128.0	0.0015267245
135.0	0.0122136367
142.0	0.0122136367
151.0	0.0122136367
160.0	0.0122136367
171.0	0.0122136367
183.0	0.0122136367
197.0	0.0122136367
213.0	0.0122136367
233.0	0.0122136367
256.0	0.0122136367
269.0	0.0446561079
284.0	0.0446561079
301.0	0.0446561079
320.0	0.0446561079
341.0	0.0446561079
366.0	0.0446561079
394.0	0.0446561079
427.0	0.0446561079
465.0	0.0446561079
512.0	0.0446561079
539.0	0.0047709517
569.0	0.0047709517
602.0	0.0047709517
640.0	0.0047709517
683.0	0.0047709517
731.0	0.0047709517
788.0	0.0047709517
853.0	0.0047709517
931.0	0.0047709517
1024.0	0.0047709517
1078.0	0.0022900576
1138.0	0.0022900576
1205.0	0.0022900576
1280.0	0.0022900576
1365.0	0.0022900576
1463.0	0.0022900576
1575.0	0.0022900576
1707.0	0.0022900576
1862.0	0.0022900576
2048.0	0.0022900576
2156.0	0.0014312849
2276.0	0.0014312849
2409.0	0.0014312849
2560.0	0.0014312849
2731.0	0.0014312849
2926.0	0.0014312849
3151.0	0.0014312849
3413.0	0.0014312849
3724.0	0.0014312849
4096.0	0.0014312849
4312.0	0.0003101121
4551.0	0.0003101121
4819.0	0.0003101121
5120.0	0.0003101121
5461.0	0.0003101121
5851.0	0.0003101121
6302.0	0.0003101121
6827.0	0.0003101121
7447.0	0.0003101121
8192.0	0.0003101121
8623.0	0.0000477095
9102.0	0.0000477095
9638.0	0.0000477095
10240.0	0.0000477095
10923.0	0.0000477095
11703.0	0.0000477095
12603.0	0.0000477095
13653.0	0.0000477095
14895.0	0.0000477095
16384.0	0.0000477095
17246.0	0.0000238547
18204.0	0.0000238547
19275.0	0.0000238547
20480.0	0.0000238547
21845.0	0.0000238547
3529904.0	0.0009789486
